268471337	69634
268471337	73730
268471337	81922
268471337	98306
268471337	135427
268471337	139523
268471337	147715
268471337	164099
268471337	266757
268471337	270853
268471337	279045
268471337	295429
268471337	529159
268471337	533255
268471337	541447
268471337	557831
268471337	1053707
268471337	1057803
268471337	1065995
268471337	1082379
268471337	2102541
268471337	2106637
268471337	2114829
268471337	2131213
268471337	4199953
268471337	4204049
268471337	4212241
268471337	4228625
268471337	8394515
268471337	8398611
268471337	8406803
268471337	8423187
268471337	16787479
268471337	16795671
268471337	16812055
268471337	33564957
268471337	33573149
268471337	33589533
268471337	67119647
268471337	67127839
268471337	67144223
268471337	134228773
268471337	134236965
268471337	134253349
268471337	268446761
268471337	268454953
268454953	69634
268454953	73730
268454953	81922
268454953	98306
268454953	135427
268454953	139523
268454953	147715
268454953	164099
268454953	266757
268454953	270853
268454953	279045
268454953	295429
268454953	529159
268454953	533255
268454953	541447
268454953	557831
268454953	1053707
268454953	1057803
268454953	1065995
268454953	1082379
268454953	2102541
268454953	2106637
268454953	2114829
268454953	2131213
268454953	4199953
268454953	4204049
268454953	4212241
268454953	4228625
268454953	8394515
268454953	8398611
268454953	8406803
268454953	8423187
268454953	16787479
268454953	16795671
268454953	16812055
268454953	33564957
268454953	33573149
268454953	33589533
268454953	67119647
268454953	67127839
268454953	67144223
268454953	134228773
268454953	134236965
268454953	134253349
268454953	268446761
268446761	69634
268446761	73730
268446761	81922
268446761	98306
268446761	135427
268446761	139523
268446761	147715
268446761	164099
268446761	266757
268446761	270853
268446761	279045
268446761	295429
268446761	529159
268446761	533255
268446761	541447
268446761	557831
268446761	1053707
268446761	1057803
268446761	1065995
268446761	1082379
268446761	2102541
268446761	2106637
268446761	2114829
268446761	2131213
268446761	4199953
268446761	4204049
268446761	4212241
268446761	4228625
268446761	8394515
268446761	8398611
268446761	8406803
268446761	8423187
268446761	16787479
268446761	16795671
268446761	16812055
268446761	33564957
268446761	33573149
268446761	33589533
268446761	67119647
268446761	67127839
268446761	67144223
268446761	134228773
268446761	134236965
268446761	134253349
134253349	69634
134253349	73730
134253349	81922
134253349	98306
134253349	135427
134253349	139523
134253349	147715
134253349	164099
134253349	266757
134253349	270853
134253349	279045
134253349	295429
134253349	529159
134253349	533255
134253349	541447
134253349	557831
134253349	1053707
134253349	1057803
134253349	1065995
134253349	1082379
134253349	2102541
134253349	2106637
134253349	2114829
134253349	2131213
134253349	4199953
134253349	4204049
134253349	4212241
134253349	4228625
134253349	8394515
134253349	8398611
134253349	8406803
134253349	8423187
134253349	16787479
134253349	16795671
134253349	16812055
134253349	33564957
134253349	33573149
134253349	33589533
134253349	67119647
134253349	67127839
134253349	67144223
134253349	134228773
134253349	134236965
134236965	69634
134236965	73730
134236965	81922
134236965	98306
134236965	135427
134236965	139523
134236965	147715
134236965	164099
134236965	266757
134236965	270853
134236965	279045
134236965	295429
134236965	529159
134236965	533255
134236965	541447
134236965	557831
134236965	1053707
134236965	1057803
134236965	1065995
134236965	1082379
134236965	2102541
134236965	2106637
134236965	2114829
134236965	2131213
134236965	4199953
134236965	4204049
134236965	4212241
134236965	4228625
134236965	8394515
134236965	8398611
134236965	8406803
134236965	8423187
134236965	16787479
134236965	16795671
134236965	16812055
134236965	33564957
134236965	33573149
134236965	33589533
134236965	67119647
134236965	67127839
134236965	67144223
134236965	134228773
134228773	69634
134228773	73730
134228773	81922
134228773	98306
134228773	135427
134228773	139523
134228773	147715
134228773	164099
134228773	266757
134228773	270853
134228773	279045
134228773	295429
134228773	529159
134228773	533255
134228773	541447
134228773	557831
134228773	1053707
134228773	1057803
134228773	1065995
134228773	1082379
134228773	2102541
134228773	2106637
134228773	2114829
134228773	2131213
134228773	4199953
134228773	4204049
134228773	4212241
134228773	4228625
134228773	8394515
134228773	8398611
134228773	8406803
134228773	8423187
134228773	16787479
134228773	16795671
134228773	16812055
134228773	33564957
134228773	33573149
134228773	33589533
134228773	67119647
134228773	67127839
134228773	67144223
67144223	69634
67144223	73730
67144223	81922
67144223	98306
67144223	135427
67144223	139523
67144223	147715
67144223	164099
67144223	266757
67144223	270853
67144223	279045
67144223	295429
67144223	529159
67144223	533255
67144223	541447
67144223	557831
67144223	1053707
67144223	1057803
67144223	1065995
67144223	1082379
67144223	2102541
67144223	2106637
67144223	2114829
67144223	2131213
67144223	4199953
67144223	4204049
67144223	4212241
67144223	4228625
67144223	8394515
67144223	8398611
67144223	8406803
67144223	8423187
67144223	16787479
67144223	16795671
67144223	16812055
67144223	33564957
67144223	33573149
67144223	33589533
67144223	67119647
67144223	67127839
67127839	69634
67127839	73730
67127839	81922
67127839	98306
67127839	135427
67127839	139523
67127839	147715
67127839	164099
67127839	266757
67127839	270853
67127839	279045
67127839	295429
67127839	529159
67127839	533255
67127839	541447
67127839	557831
67127839	1053707
67127839	1057803
67127839	1065995
67127839	1082379
67127839	2102541
67127839	2106637
67127839	2114829
67127839	2131213
67127839	4199953
67127839	4204049
67127839	4212241
67127839	4228625
67127839	8394515
67127839	8398611
67127839	8406803
67127839	8423187
67127839	16787479
67127839	16795671
67127839	16812055
67127839	33564957
67127839	33573149
67127839	33589533
67127839	67119647
67119647	69634
67119647	73730
67119647	81922
67119647	98306
67119647	135427
67119647	139523
67119647	147715
67119647	164099
67119647	266757
67119647	270853
67119647	279045
67119647	295429
67119647	529159
67119647	533255
67119647	541447
67119647	557831
67119647	1053707
67119647	1057803
67119647	1065995
67119647	1082379
67119647	2102541
67119647	2106637
67119647	2114829
67119647	2131213
67119647	4199953
67119647	4204049
67119647	4212241
67119647	4228625
67119647	8394515
67119647	8398611
67119647	8406803
67119647	8423187
67119647	16787479
67119647	16795671
67119647	16812055
67119647	33564957
67119647	33573149
67119647	33589533
33589533	69634
33589533	73730
33589533	81922
33589533	98306
33589533	135427
33589533	139523
33589533	147715
33589533	164099
33589533	266757
33589533	270853
33589533	279045
33589533	295429
33589533	529159
33589533	533255
33589533	541447
33589533	557831
33589533	1053707
33589533	1057803
33589533	1065995
33589533	1082379
33589533	2102541
33589533	2106637
33589533	2114829
33589533	2131213
33589533	4199953
33589533	4204049
33589533	4212241
33589533	4228625
33589533	8394515
33589533	8398611
33589533	8406803
33589533	8423187
33589533	16787479
33589533	16795671
33589533	16812055
33589533	33564957
33589533	33573149
33573149	69634
33573149	73730
33573149	81922
33573149	98306
33573149	135427
33573149	139523
33573149	147715
33573149	164099
33573149	266757
33573149	270853
33573149	279045
33573149	295429
33573149	529159
33573149	533255
33573149	541447
33573149	557831
33573149	1053707
33573149	1057803
33573149	1065995
33573149	1082379
33573149	2102541
33573149	2106637
33573149	2114829
33573149	2131213
33573149	4199953
33573149	4204049
33573149	4212241
33573149	4228625
33573149	8394515
33573149	8398611
33573149	8406803
33573149	8423187
33573149	16787479
33573149	16795671
33573149	16812055
33573149	33564957
33564957	69634
33564957	73730
33564957	81922
33564957	98306
33564957	135427
33564957	139523
33564957	147715
33564957	164099
33564957	266757
33564957	270853
33564957	279045
33564957	295429
33564957	529159
33564957	533255
33564957	541447
33564957	557831
33564957	1053707
33564957	1057803
33564957	1065995
33564957	1082379
33564957	2102541
33564957	2106637
33564957	2114829
33564957	2131213
33564957	4199953
33564957	4204049
33564957	4212241
33564957	4228625
33564957	8394515
33564957	8398611
33564957	8406803
33564957	8423187
33564957	16787479
33564957	16795671
33564957	16812055
16812055	69634
16812055	73730
16812055	81922
16812055	98306
16812055	135427
16812055	139523
16812055	147715
16812055	164099
16812055	266757
16812055	270853
16812055	279045
16812055	295429
16812055	529159
16812055	533255
16812055	541447
16812055	557831
16812055	1053707
16812055	1057803
16812055	1065995
16812055	1082379
16812055	2102541
16812055	2106637
16812055	2114829
16812055	2131213
16812055	4199953
16812055	4204049
16812055	4212241
16812055	4228625
16812055	8394515
16812055	8398611
16812055	8406803
16812055	8423187
16812055	16787479
16812055	16795671
16795671	69634
16795671	73730
16795671	81922
16795671	98306
16795671	135427
16795671	139523
16795671	147715
16795671	164099
16795671	266757
16795671	270853
16795671	279045
16795671	295429
16795671	529159
16795671	533255
16795671	541447
16795671	557831
16795671	1053707
16795671	1057803
16795671	1065995
16795671	1082379
16795671	2102541
16795671	2106637
16795671	2114829
16795671	2131213
16795671	4199953
16795671	4204049
16795671	4212241
16795671	4228625
16795671	8394515
16795671	8398611
16795671	8406803
16795671	8423187
16795671	16787479
16787479	69634
16787479	73730
16787479	81922
16787479	98306
16787479	135427
16787479	139523
16787479	147715
16787479	164099
16787479	266757
16787479	270853
16787479	279045
16787479	295429
16787479	529159
16787479	533255
16787479	541447
16787479	557831
16787479	1053707
16787479	1057803
16787479	1065995
16787479	1082379
16787479	2102541
16787479	2106637
16787479	2114829
16787479	2131213
16787479	4199953
16787479	4204049
16787479	4212241
16787479	4228625
16787479	8394515
16787479	8398611
16787479	8406803
16787479	8423187
8423187	69634
8423187	73730
8423187	81922
8423187	98306
8423187	135427
8423187	139523
8423187	147715
8423187	164099
8423187	266757
8423187	270853
8423187	279045
8423187	295429
8423187	529159
8423187	533255
8423187	541447
8423187	557831
8423187	1053707
8423187	1057803
8423187	1065995
8423187	1082379
8423187	2102541
8423187	2106637
8423187	2114829
8423187	2131213
8423187	4199953
8423187	4204049
8423187	4212241
8423187	4228625
8423187	8394515
8423187	8398611
8423187	8406803
8406803	69634
8406803	73730
8406803	81922
8406803	98306
8406803	135427
8406803	139523
8406803	147715
8406803	164099
8406803	266757
8406803	270853
8406803	279045
8406803	295429
8406803	529159
8406803	533255
8406803	541447
8406803	557831
8406803	1053707
8406803	1057803
8406803	1065995
8406803	1082379
8406803	2102541
8406803	2106637
8406803	2114829
8406803	2131213
8406803	4199953
8406803	4204049
8406803	4212241
8406803	4228625
8406803	8394515
8406803	8398611
8398611	69634
8398611	73730
8398611	81922
8398611	98306
8398611	135427
8398611	139523
8398611	147715
8398611	164099
8398611	266757
8398611	270853
8398611	279045
8398611	295429
8398611	529159
8398611	533255
8398611	541447
8398611	557831
8398611	1053707
8398611	1057803
8398611	1065995
8398611	1082379
8398611	2102541
8398611	2106637
8398611	2114829
8398611	2131213
8398611	4199953
8398611	4204049
8398611	4212241
8398611	4228625
8398611	8394515
8394515	69634
8394515	73730
8394515	81922
8394515	98306
8394515	135427
8394515	139523
8394515	147715
8394515	164099
8394515	266757
8394515	270853
8394515	279045
8394515	295429
8394515	529159
8394515	533255
8394515	541447
8394515	557831
8394515	1053707
8394515	1057803
8394515	1065995
8394515	1082379
8394515	2102541
8394515	2106637
8394515	2114829
8394515	2131213
8394515	4199953
8394515	4204049
8394515	4212241
8394515	4228625
4228625	69634
4228625	73730
4228625	81922
4228625	98306
4228625	135427
4228625	139523
4228625	147715
4228625	164099
4228625	266757
4228625	270853
4228625	279045
4228625	295429
4228625	529159
4228625	533255
4228625	541447
4228625	557831
4228625	1053707
4228625	1057803
4228625	1065995
4228625	1082379
4228625	2102541
4228625	2106637
4228625	2114829
4228625	2131213
4228625	4199953
4228625	4204049
4228625	4212241
4212241	69634
4212241	73730
4212241	81922
4212241	98306
4212241	135427
4212241	139523
4212241	147715
4212241	164099
4212241	266757
4212241	270853
4212241	279045
4212241	295429
4212241	529159
4212241	533255
4212241	541447
4212241	557831
4212241	1053707
4212241	1057803
4212241	1065995
4212241	1082379
4212241	2102541
4212241	2106637
4212241	2114829
4212241	2131213
4212241	4199953
4212241	4204049
4204049	69634
4204049	73730
4204049	81922
4204049	98306
4204049	135427
4204049	139523
4204049	147715
4204049	164099
4204049	266757
4204049	270853
4204049	279045
4204049	295429
4204049	529159
4204049	533255
4204049	541447
4204049	557831
4204049	1053707
4204049	1057803
4204049	1065995
4204049	1082379
4204049	2102541
4204049	2106637
4204049	2114829
4204049	2131213
4204049	4199953
4199953	69634
4199953	73730
4199953	81922
4199953	98306
4199953	135427
4199953	139523
4199953	147715
4199953	164099
4199953	266757
4199953	270853
4199953	279045
4199953	295429
4199953	529159
4199953	533255
4199953	541447
4199953	557831
4199953	1053707
4199953	1057803
4199953	1065995
4199953	1082379
4199953	2102541
4199953	2106637
4199953	2114829
4199953	2131213
2131213	69634
2131213	73730
2131213	81922
2131213	98306
2131213	135427
2131213	139523
2131213	147715
2131213	164099
2131213	266757
2131213	270853
2131213	279045
2131213	295429
2131213	529159
2131213	533255
2131213	541447
2131213	557831
2131213	1053707
2131213	1057803
2131213	1065995
2131213	1082379
2131213	2102541
2131213	2106637
2131213	2114829
2114829	69634
2114829	73730
2114829	81922
2114829	98306
2114829	135427
2114829	139523
2114829	147715
2114829	164099
2114829	266757
2114829	270853
2114829	279045
2114829	295429
2114829	529159
2114829	533255
2114829	541447
2114829	557831
2114829	1053707
2114829	1057803
2114829	1065995
2114829	1082379
2114829	2102541
2114829	2106637
2106637	69634
2106637	73730
2106637	81922
2106637	98306
2106637	135427
2106637	139523
2106637	147715
2106637	164099
2106637	266757
2106637	270853
2106637	279045
2106637	295429
2106637	529159
2106637	533255
2106637	541447
2106637	557831
2106637	1053707
2106637	1057803
2106637	1065995
2106637	1082379
2106637	2102541
2102541	69634
2102541	73730
2102541	81922
2102541	98306
2102541	135427
2102541	139523
2102541	147715
2102541	164099
2102541	266757
2102541	270853
2102541	279045
2102541	295429
2102541	529159
2102541	533255
2102541	541447
2102541	557831
2102541	1053707
2102541	1057803
2102541	1065995
2102541	1082379
1082379	69634
1082379	73730
1082379	81922
1082379	98306
1082379	135427
1082379	139523
1082379	147715
1082379	164099
1082379	266757
1082379	270853
1082379	279045
1082379	295429
1082379	529159
1082379	533255
1082379	541447
1082379	557831
1082379	1053707
1082379	1057803
1082379	1065995
1065995	69634
1065995	73730
1065995	81922
1065995	98306
1065995	135427
1065995	139523
1065995	147715
1065995	164099
1065995	266757
1065995	270853
1065995	279045
1065995	295429
1065995	529159
1065995	533255
1065995	541447
1065995	557831
1065995	1053707
1065995	1057803
1057803	69634
1057803	73730
1057803	81922
1057803	98306
1057803	135427
1057803	139523
1057803	147715
1057803	164099
1057803	266757
1057803	270853
1057803	279045
1057803	295429
1057803	529159
1057803	533255
1057803	541447
1057803	557831
1057803	1053707
1053707	69634
1053707	73730
1053707	81922
1053707	98306
1053707	135427
1053707	139523
1053707	147715
1053707	164099
1053707	266757
1053707	270853
1053707	279045
1053707	295429
1053707	529159
1053707	533255
1053707	541447
1053707	557831
557831	69634
557831	73730
557831	81922
557831	98306
557831	135427
557831	139523
557831	147715
557831	164099
557831	266757
557831	270853
557831	279045
557831	295429
557831	529159
557831	533255
557831	541447
541447	69634
541447	73730
541447	81922
541447	98306
541447	135427
541447	139523
541447	147715
541447	164099
541447	266757
541447	270853
541447	279045
541447	295429
541447	529159
541447	533255
533255	69634
533255	73730
533255	81922
533255	98306
533255	135427
533255	139523
533255	147715
533255	164099
533255	266757
533255	270853
533255	279045
533255	295429
533255	529159
529159	69634
529159	73730
529159	81922
529159	98306
529159	135427
529159	139523
529159	147715
529159	164099
529159	266757
529159	270853
529159	279045
529159	295429
295429	69634
295429	73730
295429	81922
295429	98306
295429	135427
295429	139523
295429	147715
295429	164099
295429	266757
295429	270853
295429	279045
279045	69634
279045	73730
279045	81922
279045	98306
279045	135427
279045	139523
279045	147715
279045	164099
279045	266757
279045	270853
270853	69634
270853	73730
270853	81922
270853	98306
270853	135427
270853	139523
270853	147715
270853	164099
270853	266757
266757	69634
266757	73730
266757	81922
266757	98306
266757	135427
266757	139523
266757	147715
266757	164099
164099	69634
164099	73730
164099	81922
164099	98306
164099	135427
164099	139523
164099	147715
147715	69634
147715	73730
147715	81922
147715	98306
147715	135427
147715	139523
139523	69634
139523	73730
139523	81922
139523	98306
139523	135427
135427	69634
135427	73730
135427	81922
135427	98306
98306	69634
98306	73730
98306	81922
81922	69634
81922	73730
73730	69634
